1 16 238 3
casolfagus_29
concat14
csolfagus_05
csolfagus_06
csolfagus_19
csolfagus_31
DE576
DUKCT
DZ447
EEU75
EJV8T
EMILY
ERHBI
FS1_15
sfc_0036
sfc_1143
stage
age
sex
ped
origin
1 134136 179197 170174 211223 165187 113117 221221 081095 185185 091093 151153 140144 167179 111111 112112 128128 2 40 1 3 3686
1 134136 000000 176178 207213 165175 095117 221227 081081 183189 091099 145151 136136 165169 099115 098104 110126 2 39 1 3 3613
1 134134 197197 168172 205223 165171 113113 221221 095095 183193 091091 149153 136138 169173 083095 102110 106106 2 39 1 3 3613
1 134136 197201 168168 217217 165165 113113 221221 095095 183183 091093 149151 136136 169173 091097 100100 108108 2 61 1 3 3539
1 134136 201201 172172 215225 171173 095113 221221 081081 183183 091111 147151 136140 169171 093099 100108 118118 3 101 1 3 3245
1 134134 000000 170170 215217 165171 095095 000000 000000 000000 000000 000000 000000 000000 093121 098100 124124 3 72 1 3 3172
1 132140 195199 168168 217221 177185 117131 211227 087089 191191 099111 147147 142148 161163 123123 100104 120120 3 104 1 3 3174
1 000000 199199 000000 000000 000000 000000 227227 081095 191193 091093 149151 144146 167169 000000 000000 000000 2 37 1 3 3101
1 000000 197203 000000 000000 000000 000000 221221 081095 191193 091103 147153 140142 167167 000000 000000 000000 2 36 1 3 3176
1 000000 197197 000000 000000 000000 000000 221221 081081 183189 091093 149151 140142 165165 000000 000000 000000 3 81 1 3 3175
1 134134 199203 170172 215217 171173 095113 227233 081081 183193 091091 147153 136142 169175 093093 098102 106106 3 105 1 3 2882
1 136136 000000 160172 219225 165171 113113 221227 081081 183193 093093 145147 142146 175175 137137 100114 106108 2 36 1 3 2664
1 134136 000000 168168 207223 165165 113113 221227 081081 183193 091093 151151 140146 159169 093099 098100 114140 2 45 1 3 2809
1 134136 000000 172174 217217 165175 113113 227227 081095 185191 093113 149151 144146 167175 095101 098116 110120 2 51 1 3 2663
1 134136 197205 168172 217217 165175 113115 221221 081081 195205 087093 151151 136142 167169 087087 100104 110110 3 88 1 3 2517
1 134134 000000 172172 205217 171171 095113 221227 000000 183183 091093 151153 136144 165167 119137 090100 106106 2 41 1 3 2519
1 134134 000000 170182 221227 171171 095113 221231 081085 183185 093093 147149 136144 165169 097137 100100 114126 2 64 1 3 2371
1 134136 000000 170170 215219 171171 095095 221227 081081 197197 099111 151153 136158 171175 099139 100100 110110 2 50 1 3 2370
1 134134 000000 172180 213215 165171 113115 221233 081081 193215 115115 145151 136136 171173 127135 112112 100100 2 42 1 3 2151
1 134134 000000 174174 211223 171171 113113 221221 081081 191219 091093 151153 136136 171173 099107 098100 106106 4 112 1 3 2299
1 134134 000000 170172 209225 165171 113115 227227 081081 195207 093099 151157 138144 165167 091099 098100 110126 2 38 1 3 2080
1 134134 000000 172172 207217 165165 095095 221221 081081 193195 091111 149151 136136 169169 095097 100110 106114 2 38 1 3 2079
1 134138 000000 172184 211235 173181 095113 221233 081081 183183 091093 151161 140158 159171 095137 118120 100116 2 46 1 3 2372
1 134134 000000 168174 223225 165181 113113 221221 081081 191195 093095 151153 140140 167169 131133 100102 110140 2 33 1 3 2520
1 134134 197201 170172 225225 165165 113113 221221 081089 189221 091091 151151 138144 165165 091135 100100 110124 3 92 1 3 2373
1 134134 179197 172174 217225 165171 113113 221227 081095 199207 091099 151151 138142 167171 091091 100100 100122 2 54 1 3 2304
1 134136 000000 168182 217223 165173 113113 227227 081095 183189 093109 153153 136136 165171 099135 108112 120120 2 31 1 3 2449
1 134134 195203 172174 207219 165171 113113 227227 081095 185185 091091 153153 136144 169169 095111 098100 120124 2 47 1 3 2522
1 134134 000000 170172 215225 165179 095113 221227 095095 191221 093093 147151 140154 169169 087095 104106 110110 2 30 1 3 2594
1 134134 000000 168174 209211 173185 095095 221221 081081 185185 091095 145147 136136 159169 087135 100102 106132 2 39 1 3 2958
1 134134 179197 160172 221223 165171 113113 223227 081081 193207 091099 149151 136138 167177 091105 100112 122122 2 38 1 3 3034
1 134136 000000 172178 213227 165171 095117 221227 079079 185193 091091 149161 136136 171171 099131 100100 106108 2 34 1 3 3034
1 134136 197203 168170 215217 171173 095113 221221 081081 191191 093111 153157 136142 173175 083099 098100 106106 2 45 1 3 3542
1 134136 000000 168174 217217 165181 095113 221227 081095 185191 091103 147153 136140 159169 087093 102110 106106 2 35 1 3 3471
1 134134 000000 174174 209219 161175 095113 221221 095095 000000 087091 147149 136138 171171 099103 100114 100100 2 33 1 3 3547
1 134134 000000 160172 217225 165165 113113 223227 081081 191207 091099 149151 136138 165177 091105 100100 110110 2 35 1 3 3548
1 136136 197197 168172 223223 165171 113113 221227 081095 183193 091113 149157 140142 165175 097097 100110 100100 2 39 1 3 3475
1 136136 197201 172172 217223 171173 095117 221221 081081 191193 087111 147151 136140 169171 099099 100102 112112 3 73 1 3 3475
1 134134 201201 172174 219225 171179 095113 221221 081081 189193 091101 145157 144150 169169 105121 098100 100100 2 45 1 3 3036
1 134136 000000 170170 215223 165171 095113 221227 081095 193209 087111 153153 138142 169175 095099 100100 112130 2 38 1 3 2742
1 134138 000000 170172 215219 171175 113113 227227 081081 191193 091101 147161 136142 159167 093097 110112 100114 2 43 1 3 2815
1 134134 000000 172178 217225 165171 113113 221221 081081 185193 091091 151153 136144 167169 101141 100112 106118 2 41 1 3 2669
1 134136 197201 168172 217217 165165 113113 221221 081095 183191 091093 147151 136152 173173 093095 100100 112112 3 104 1 3 2671
1 134136 000000 162172 217219 171175 113113 227227 095095 189213 091093 151153 140144 165169 095121 100100 120120 2 36 1 3 2673
1 134138 195203 172174 219221 173179 095117 227233 081081 183191 091115 151157 142144 167167 087097 108114 106128 2 41 1 3 2673
1 134134 000000 172176 219225 171173 113115 221221 081095 185219 109113 151151 136144 167171 087095 098102 100100 2 35 1 3 2894
1 134136 000000 170172 215223 171171 095113 221227 081095 183193 093111 153153 136138 165175 099105 100100 132132 3 83 1 3 2966
1 134136 000000 172174 217225 165165 095113 221221 081095 183195 091091 151157 144152 169171 087101 098108 100130 2 36 1 3 3259
1 134134 197201 174174 217225 171171 095117 221221 081095 185189 091093 145153 136144 169169 103131 102104 110110 2 36 1 3 3113
1 134134 199203 168172 217217 165171 095117 221231 081081 183195 091111 153153 144144 169175 099105 100100 134134 2 44 1 3 3043
1 134134 199201 160172 205209 171177 113113 221221 081095 185193 095113 149151 138144 165169 141141 100100 106106 2 36 1 3 3335
1 134136 201203 170172 213221 171171 113113 221221 081081 183195 093093 151157 140144 169169 083137 100112 106124 2 30 1 3 3476
1 132138 195195 168168 205221 167167 121121 217227 087095 191193 105111 147151 144148 161167 123123 100106 130132 3 82 1 3 3549
1 134134 000000 170172 207219 165171 095113 221221 081095 183207 093095 151157 138144 169169 111141 110120 118118 2 69 1 3 3554
1 134134 000000 174174 217225 165173 095113 221227 081081 195197 091103 149159 138142 159159 087087 102108 106124 2 64 1 3 3481
1 134134 000000 168174 207221 165179 095113 221227 081081 185189 091091 153157 140144 163165 087091 098100 114124 3 99 1 3 3408
1 134136 000000 172172 217223 165171 095113 221221 081081 183193 091113 151153 136136 171171 097099 098100 106124 2 45 1 3 3334
1 134134 000000 172174 217217 165165 113113 227227 081081 185193 091101 157157 136142 165173 083111 100106 108108 2 32 1 3 3334
1 134134 000000 174174 217223 171171 113113 221223 081081 183185 091101 145145 136144 167171 089101 100100 106130 2 55 1 3 3335
1 132138 195197 166168 215223 171173 109113 227227 087087 189195 095111 147147 142142 159161 097123 096104 120128 4 111 1 3 3574
1 138138 195195 166168 217217 167177 113121 217227 089095 189191 097097 157157 148148 161167 113123 100108 130130 2 33 1 3 1580
1 140140 177195 164168 205213 173177 117127 211227 089089 191191 095111 147147 146148 161163 115121 096104 130130 2 62 1 3 3486
1 138138 175199 164166 205213 177177 117117 211227 089095 191193 097099 151155 142142 161161 115115 102108 120122 2 59 1 3 3704
1 138140 000000 168170 217217 171185 121127 217227 089095 000000 097097 151155 148152 161163 111115 096104 120132 2 68 1 3 3705
1 138138 195199 168168 205217 167173 127127 217227 087095 191191 111111 149151 150172 161161 113115 100104 130132 2 39 1 3 3557
1 132138 195199 166168 215215 165173 121127 217227 087089 000000 099111 147155 142146 159161 115121 106106 118130 2 35 1 3 3773
1 138138 195199 164166 217221 173183 117127 217227 087087 189191 095111 147151 142142 161163 115121 098106 128132 2 54 1 3 3553
1 132138 195195 168170 217217 173183 127131 217217 091095 189190 095111 155157 142146 161163 099117 096100 120130 3 94 1 3 3771
1 138138 197197 164166 213217 177185 109121 211227 087095 191191 097097 147155 144146 161163 113117 096102 130132 2 50 1 3 3771
1 132138 195197 166170 213217 167167 115121 217227 087089 195195 095097 151155 142142 161163 115121 096096 128130 2 37 1 3 3773
1 138138 195199 168168 213215 171173 121127 217227 089095 190193 095105 151151 144146 161161 109113 096102 130132 3 76 1 3 3623
1 138138 195199 168170 209219 171175 117117 211227 077097 191191 097105 147151 146148 161163 111113 096106 122136 3 71 1 3 3625
1 138138 195195 168168 209213 167185 117117 227227 087089 195195 097097 159165 142146 161163 113115 096102 124132 2 66 1 3 3917
1 138140 195195 166168 203221 173173 121127 217217 085085 189191 097109 153155 142146 159161 113121 108108 118134 2 37 1 3 3989
1 138138 195195 166170 217219 167183 113121 217227 077089 191195 097111 147151 146148 161163 105111 096096 120122 2 59 1 3 3914
1 138138 195195 168168 213215 173173 119119 221227 089095 191191 099111 147149 148150 159161 113119 096102 130130 2 50 1 3 3910
1 138140 195199 166168 209219 171185 117121 227227 089095 189191 105111 147151 142148 159161 121123 096096 130132 2 45 1 3 3761
1 134134 197197 168170 205225 165171 113113 221221 081081 185193 091111 151153 136148 169175 091131 100104 110122 2 38 1 3 3834
1 134134 197197 172176 219225 165171 095113 221221 081095 183183 093093 153157 136138 169171 109109 098112 106128 2 39 1 3 3907
1 138138 195195 168184 203217 183183 117129 217227 077089 189191 105105 147151 142146 161161 097119 096100 120132 2 35 1 3 4268
1 138138 195195 168168 215221 171185 121127 227227 087087 191191 097111 147155 142148 159161 121121 100106 130132 2 36 1 3 4414
1 132138 195195 166174 213217 167181 117121 227227 077089 191195 105111 147151 146148 159159 121123 096102 130132 2 39 1 3 4126
1 132138 195199 168176 213217 175181 115127 211217 087089 189191 095105 147155 148148 163163 113121 100104 130132 2 40 1 3 4346
1 138140 195199 168168 217219 167173 117121 221227 087089 191195 099111 147147 142148 161163 117121 096098 132136 2 33 1 3 4273
1 138138 195195 168168 213213 167173 121121 217217 089097 191195 095101 147151 142148 161163 121143 096096 130130 2 44 1 3 4201
1 138138 195195 168168 209209 167173 121121 217227 089095 191191 095095 147151 144148 159161 123123 096104 130130 3 71 1 3 4054
1 138140 177195 166166 213217 171173 121121 217227 087087 193195 099105 147147 148152 159161 105105 104108 130132 3 74 1 3 4204
1 134134 195197 168174 215225 165173 113115 221223 081081 183238 091093 145151 136140 165165 087091 098100 106106 2 52 1 3 4060
1 138138 195199 168168 209213 167173 121127 211227 000000 191191 097097 147149 142150 161161 105115 096098 118134 2 34 1 3 4278
1 132138 195197 168168 215219 167175 113127 211227 089089 191195 097097 147151 144152 159159 111123 096100 122132 2 41 1 3 4283
1 138138 195195 168168 213217 173173 121121 211227 095095 191191 095105 151153 150152 159161 113123 100104 132136 2 38 1 3 3920
1 138140 177195 166168 209213 167175 127127 211227 087095 191191 095095 147147 148150 159163 113121 096096 130130 2 35 1 3 3995
1 138138 195195 168174 217221 173173 121121 211227 095095 191191 095097 147151 142146 161161 115123 100106 120132 2 34 1 3 4072
1 132138 195195 168172 203219 171177 115117 227233 087089 191191 095097 147155 142148 159161 113121 096098 128130 2 35 1 3 4367
1 138140 195195 168168 209213 171185 121127 211221 089095 189191 095097 147151 142142 161161 117123 106108 128130 2 45 1 3 4001
1 138140 195199 164168 217223 167171 117117 217227 077089 193195 097111 147155 142142 159161 113123 102108 128130 2 45 1 3 2312
1 138138 195195 168170 217217 167167 113121 227227 085089 189191 097111 151151 142146 159163 113123 096102 130132 2 46 1 3 4001
1 138138 195195 170176 215217 167171 117121 227231 089095 189193 111111 147151 142142 159161 119123 096100 130134 2 42 1 3 4004
1 138148 195195 164168 215215 165167 111127 211227 087089 191191 095095 151157 146152 161163 101129 102106 118130 2 58 1 3 3782
1 132138 177197 166168 215217 177183 117121 217227 087089 189193 105111 147151 146148 159161 113123 096100 124130 2 51 1 3 4153
1 132138 195195 168176 213219 175175 115121 211211 087089 195195 095111 147147 148148 163163 113121 100104 120132 2 54 1 3 4153
1 138138 000000 166168 213213 175175 123127 000000 087089 000000 000000 147147 144148 159161 121125 096104 130136 2 44 1 3 4374
1 138138 177195 166168 209217 167175 111127 211221 077087 189191 095097 151157 142144 163163 097115 096096 118130 2 35 1 3 4369
1 132140 195199 168170 209219 167173 115117 227227 089095 191191 095097 147151 142144 163163 105121 100102 130136 2 37 1 3 4441
1 138138 197199 168170 209213 167187 121121 217227 095095 191195 097105 147147 142146 161163 115123 096104 130132 2 42 1 3 4512
1 138138 195195 168168 209219 173173 127127 217231 089089 189195 111111 147155 142148 159159 113121 098102 128130 2 49 1 3 4515
1 138138 195197 166168 203219 171173 115117 227227 085089 189195 097113 147157 144148 161161 113135 102108 130132 2 35 1 3 4365
1 138140 195195 168168 217217 167173 113121 227231 087089 190191 097101 147151 142152 159161 113113 096108 128134 2 32 1 3 4434
1 132138 195199 166166 215219 173185 117127 211229 087095 189191 105111 147151 148148 161161 109115 096096 120130 2 35 1 3 4580
1 138138 197199 168170 217219 173177 117127 227227 089095 191191 097111 147151 148150 161163 097113 096100 120132 2 60 1 3 4582
1 132138 195197 168168 213217 173183 117119 211227 089089 191191 099111 147151 148178 161161 117121 096102 132132 2 53 1 3 4653
1 134134 197199 160168 205223 171173 113113 217231 087095 193205 091093 153153 140142 169169 095095 102112 116128 2 34 1 3 4359
1 134134 197203 170182 217221 179185 113113 217233 081095 183193 093111 147153 138142 167177 093095 100100 102106 2 69 1 3 4430
1 138138 197199 164170 215217 167171 117127 217227 087095 191195 099113 147147 146148 159163 123123 100106 132136 2 43 1 3 4578
1 138138 195197 164168 215217 167177 117121 217231 087089 189189 097111 147149 142150 163163 123125 096096 128132 2 50 1 3 4576
1 138138 195197 168168 217221 175177 121127 221227 089089 189189 095097 147157 142148 161167 115117 096096 130132 2 38 1 3 4353
1 138138 197199 166168 209213 173173 113115 211211 087089 189195 095097 147151 144148 161161 105111 096108 120120 2 36 1 3 4571
1 138138 195197 168168 213219 171171 111127 211227 089089 193195 097111 147151 144148 161161 109113 104104 130136 2 37 1 3 4644
1 132138 195197 168170 209223 173183 119127 211227 089091 189191 105111 147151 146150 161161 111117 096100 120132 2 34 1 3 4719
1 132138 177195 168168 209213 165175 121127 211227 087089 191195 105111 147147 142144 159161 109123 100104 130134 3 84 1 3 4717
1 000000 000000 000000 000000 000000 000000 000000 000000 000000 000000 000000 000000 000000 099099 000000 000000 2 34 1 3 4867
1 138138 177197 168170 213215 173183 115121 211211 087089 189191 099109 147155 142146 161167 113121 096100 128130 2 43 1 3 5009
1 138138 195195 168176 213217 173183 121121 227227 087089 189191 097097 147151 148150 159161 115127 096096 118132 2 48 1 3 4862
1 138138 195195 168168 209217 173177 121129 217221 087089 189193 095111 147155 146148 161161 105121 096096 130132 2 51 1 3 4567
1 138140 195197 164168 213221 173183 121127 227227 087089 189189 097111 147151 142142 161163 121129 102102 120132 2 36 1 3 4569
1 138138 195195 168168 215217 173175 119121 217227 087091 191191 097097 151155 142142 161161 115141 096096 118130 2 37 1 3 4490
1 138138 195195 166168 219221 171177 113127 211211 087095 190191 095105 147151 146150 161161 121123 100106 122132 2 36 1 3 4636
1 138138 197199 168168 217221 169171 127127 211227 087095 191191 097111 155155 142148 159167 105115 096100 120132 2 41 1 3 4855
1 132138 195199 168168 213217 171173 121127 217231 087089 191195 095097 151157 142144 161163 111115 096108 118132 2 45 1 3 4636
1 138140 195199 168168 217217 169171 113117 217227 087087 189193 095097 147151 142148 161161 099113 102104 126134 2 52 1 3 4998
1 138138 195195 166168 209215 173175 117127 227231 087089 189193 097097 147157 142148 159161 105115 096104 128130 2 40 1 3 5145
1 138138 195195 170170 215223 173183 117127 217231 087089 191195 095111 147155 148150 161163 111113 102104 120120 2 35 1 3 5000
1 138138 195197 168168 219221 173183 121127 227227 077095 190195 095105 147157 148148 159161 119121 096108 114132 2 35 1 3 5435
1 138138 195195 168168 213227 167167 111121 227231 089089 191193 097111 147147 142148 161167 113115 100108 118120 2 36 1 3 5364
1 138138 195197 166174 209213 167185 113117 211217 087089 191195 111115 151155 142148 161163 111121 096096 120130 2 33 1 3 5363
1 132138 195195 168168 217217 165177 117129 211217 087087 189191 097111 151155 142142 159159 121121 096100 132132 2 39 1 3 5218
1 132138 195195 170172 213219 183183 109117 217227 087089 191193 097099 147147 142144 159161 113121 102106 130134 2 40 1 3 5219
1 132138 195195 168176 217219 167167 121131 223227 089089 191191 095111 147155 144148 159159 113115 100102 132132 2 38 1 3 5437
1 138138 195199 168174 217219 173175 117121 211211 087089 191195 097111 147151 142144 159163 105121 096106 130134 2 34 1 3 4857
1 136136 195201 170170 219225 171177 095113 221221 081081 183195 091099 153153 140150 167169 093097 100100 110110 2 33 1 3 4787
1 138138 195199 168170 203213 177177 115125 217227 087089 191191 097097 147157 142148 161161 113121 096104 132134 2 39 1 3 4859
1 132138 195197 168168 217217 167171 117131 227227 087089 189195 095097 147151 142146 159161 109121 096106 120130 2 39 1 3 5654
1 138138 177195 168168 215215 173183 111129 227227 087087 191195 105107 147149 146146 161161 109121 102104 120134 2 38 1 3 5656
1 132138 197199 172176 205219 171175 113121 227227 087089 191191 095111 147147 142144 161161 111115 096106 128132 2 54 1 3 5585
1 138138 195195 168176 213215 167183 119131 217217 087093 191195 101111 151157 142144 161161 121135 096104 124132 2 40 1 3 5659
1 138138 195195 166166 213221 173183 117127 217227 087089 189191 097103 147151 148148 161161 121121 100104 126132 2 62 1 3 5954
1 138138 195195 168170 209219 173173 109117 217221 089089 191195 117117 147147 142148 159161 105123 096096 130130 2 35 1 3 5736
1 132138 195199 162168 205213 171177 131131 221231 087089 189195 097099 147155 146148 161161 109115 104106 130136 2 38 1 3 5810
1 138138 199199 168168 209215 167183 111127 227227 077087 195195 095111 147155 144148 161161 109113 102106 118132 2 53 1 3 5518
1 132138 177195 168170 205215 173185 113119 211217 087089 191195 095111 151155 144146 159161 115117 100108 130130 2 45 1 3 5297
1 132138 177195 168168 217217 167173 127127 211211 087087 189193 101109 151155 148148 159161 105113 096100 120132 2 39 1 3 5225
1 132138 177195 168176 215217 167173 127131 217227 087087 189191 097111 151151 142146 161161 113135 096104 122132 2 59 1 3 5377
1 138138 195199 168168 213215 167175 115127 217227 087089 191191 095111 147155 142148 161161 121123 096106 120128 2 38 1 3 5375
1 138138 177177 168168 217217 175185 113119 211227 087089 189191 097101 151151 146148 161161 113123 100100 126134 2 53 1 3 5009
1 138138 197199 168184 217221 167183 109113 217227 087089 189191 105109 153155 142148 161161 113113 100108 130132 2 60 1 3 5158
1 138140 195199 168168 213215 167173 127127 211227 087087 189189 095111 155157 148148 161161 121121 096104 130136 3 78 1 3 5159
1 132138 195195 166168 215219 167167 127127 211227 089089 191193 097115 147157 144144 161163 113121 100108 118120 2 54 1 3 5305
1 138138 195195 168168 205217 175185 113127 221227 087095 191195 095097 147151 148148 161161 113123 096096 128128 2 37 1 3 5307
1 134136 197207 168174 217217 165171 113119 227227 081081 185195 093093 149153 140152 167171 087111 098100 110110 2 36 1 3 5163
1 134138 197205 170172 217217 169171 113113 221227 081095 189195 091091 151157 136152 169169 095111 100112 112120 2 34 1 3 5020
1 134134 195201 172172 219225 165171 113113 221227 081085 183207 091093 145149 136136 167173 101133 098100 106106 2 38 1 3 4948
1 134134 197197 170170 217223 165165 113113 227227 081099 183189 091091 149149 140140 167169 093105 100116 120130 2 45 1 3 5022
1 138138 195199 168168 205221 167175 117127 217227 089095 191191 097105 147151 148148 161161 115115 096102 130134 2 35 1 3 4730
1 138138 195197 166168 209219 169173 127131 211217 089095 191195 107111 147157 148148 159161 113117 100106 132134 2 43 1 3 4804
1 132138 195197 170170 203217 175175 117127 217227 089089 189195 097097 147151 146156 161163 113113 096104 130130 2 37 1 3 5025
1 138138 195195 168168 209213 171187 111127 217227 087097 193193 105105 147151 148148 161161 109115 100104 130130 2 40 1 3 4588
1 138138 195197 166166 203209 169171 113121 227227 087087 193195 101111 151155 148152 161161 121123 096104 130132 2 35 1 3 4663
1 138140 177195 168168 217217 173175 117121 227227 089089 191193 105111 147151 142146 161167 115121 098108 120130 2 46 1 3 4663
1 138138 195195 168168 217219 171173 115127 227231 089089 191193 097111 147155 142142 159161 121123 096108 118130 2 45 1 3 4738
1 138138 195195 166172 215219 177183 111127 211227 087089 189195 097113 147151 144148 159163 111121 106106 130134 2 33 1 3 4883
1 138140 195197 168170 209219 177185 121121 211227 087089 189191 095095 151151 142144 159161 111115 102104 120134 2 48 1 3 4665
1 138138 195195 168170 213217 167183 117127 217217 087089 189191 099111 151155 142150 161161 113121 102104 132136 2 60 1 3 4812
1 138140 195195 164164 203221 167171 127127 211217 087089 189195 105105 151151 148156 159163 115123 096096 118130 2 41 1 3 4517
1 138140 195195 168170 209217 169185 117127 227227 087087 191191 095105 151153 148150 159161 113123 096108 128136 2 61 1 3 4518
1 140140 195195 170170 213217 173173 121127 217227 089089 189191 095097 147151 142152 159163 099113 096100 118134 2 53 1 3 4667
1 138138 195199 166168 209213 173177 117121 211227 077089 190191 097097 147151 144150 161161 115135 102110 130136 2 61 1 3 4306
1 138140 195195 168168 213219 183187 117127 227227 087089 191193 105111 147151 144146 161161 113115 096108 128130 2 34 1 3 1119
1 138140 195195 168170 215217 157165 115121 217227 087089 189195 111113 147149 146146 161161 113121 102108 130130 3 102 1 3 10
1 138140 195195 168170 215217 157165 115121 217227 087089 189195 111113 147149 146146 161161 113121 102108 130130 3 84 1 3 226
1 138138 195195 168174 209213 175177 113127 211221 087089 189195 097099 147157 146148 161161 115115 096100 120128 4 115 1 3 8
1 138140 195199 166170 217219 167173 109115 221231 089095 191191 097099 147151 142146 161161 113121 096096 132134 2 33 1 3 2074
1 138138 195195 166168 209217 167173 121129 217227 089089 189189 097097 147151 142146 161167 109123 100104 120120 2 65 1 3 2074
1 138138 177197 170170 209213 173183 121121 221223 081087 195195 095111 147147 142142 159161 113117 096108 130132 2 55 1 3 2368
1 138140 195199 168168 217217 171175 127127 211217 089089 190195 097105 151151 142148 161161 105117 100108 130136 2 65 1 3 2439
1 138140 195197 164168 215221 173173 121121 217217 089089 191195 097111 147157 142144 159163 115121 096096 132134 2 62 1 3 2441
1 138138 177195 164176 217217 167173 127127 211227 089089 189191 097111 147155 142150 161161 105121 096108 122130 2 35 1 3 2655
1 138138 199199 168168 217221 165173 127129 217227 085089 191191 095097 147151 142142 161163 117117 104108 126130 2 68 1 3 3163
1 138138 195195 168170 213219 165177 127127 211231 087095 189195 095109 147147 146146 161163 113115 096106 130130 3 71 1 3 3237
1 132138 195197 168174 209209 173173 127127 217221 087089 189195 105111 155157 148150 161163 113115 096104 128130 2 55 1 3 3964
1 132138 195195 168170 217217 167183 111127 211211 089089 191195 109111 147155 142148 161167 113121 106108 124132 2 54 1 3 4038
1 138140 195195 168176 213215 167173 111115 211211 089095 195195 097097 151155 142144 159161 113121 104106 130132 2 44 1 3 4186
1 138138 195195 166168 213221 167183 115117 217217 087089 191191 095111 147147 142148 161163 113117 102106 130130 2 65 1 3 4191
1 138138 195195 168168 209219 171177 117127 217227 077087 189195 095095 147151 142148 159161 115121 096108 128134 2 56 1 3 4118
1 132140 195195 166168 209215 175177 111119 211227 081089 189193 095111 147151 142142 161161 113113 100106 128130 2 59 1 3 4107
1 138138 177195 164170 213217 167173 113121 227227 087089 191191 095105 147151 146148 161163 125125 096102 132136 2 36 1 3 4327
1 132138 195195 170170 213217 167173 113127 211221 087097 189195 095111 151155 142146 159161 115123 096096 118132 2 50 1 3 3813
1 138138 195195 168168 209219 173175 109127 211227 089089 191193 095097 147147 146148 159159 097121 096108 132132 2 61 1 3 2942
1 138140 195195 170170 213213 171175 119121 211229 089095 189195 095109 147147 144148 161161 123123 100102 132134 2 54 1 3 1479
1 132138 177195 168168 209213 173173 125127 211227 087089 189191 097097 147151 146148 161161 121123 104106 120128 2 36 1 3 2132
1 132138 195195 168170 213221 167167 111121 227227 089089 191195 097105 151155 142148 159161 115123 096106 130130 2 35 1 3 2572
1 138140 195199 168170 209213 173187 117121 211217 089091 191195 097111 147155 142142 159163 113143 096104 132132 2 36 1 3 4756
1 138138 195197 168174 217219 157185 117131 217227 089089 191195 095097 147151 146148 159161 111121 104108 130130 2 35 1 3 5564
1 138140 195197 168174 203219 167185 127131 211217 087089 191191 097097 147147 148150 161161 099113 098108 132140 2 41 1 3 5637
1 138138 195197 168174 213219 173185 119129 227227 081089 191195 095097 151155 146148 161161 111115 100104 120130 3 78 1 3 5861
1 138138 197199 168174 209213 175177 113131 217231 089095 189191 095097 151155 142144 159163 115123 096100 130132 2 36 1 3 6008
1 138138 195195 164166 221221 175177 111123 211227 089095 195195 095097 155155 144146 163167 113115 096106 132132 2 53 1 3 5797
1 138138 195199 166168 213219 167177 113121 211227 087095 189191 097097 147153 144148 159163 115117 096096 118128 2 55 1 3 5580
1 138138 195199 170170 213215 167185 121121 211227 087095 189191 097097 147147 144148 159161 121121 096096 132134 3 70 1 3 5997
1 138138 195197 168170 209219 175177 113121 217227 087095 190191 111115 147155 142144 161161 111121 096106 130132 2 66 1 3 6287
1 138138 195195 168170 217219 171175 113117 227227 087089 191195 097111 147151 142146 161161 111113 096102 130130 2 69 1 3 6069
1 138138 199199 168170 217219 167173 113131 227227 087089 191195 095097 147151 146146 159161 113121 096096 120130 2 46 1 3 5995
1 138138 195195 168170 215217 165173 109127 211227 000000 191191 097097 147155 144144 161167 117121 096106 120132 2 38 1 3 3577
1 138138 195195 168168 215221 181183 121127 211217 087089 189191 095111 147147 148148 161163 113117 096104 118132 2 37 1 3 1468
1 132138 177195 166170 213217 169173 121121 211227 087095 191195 097101 147151 146148 159161 115121 096106 130132 2 38 1 3 2048
1 138138 197197 168168 213221 167173 115121 217227 089089 193195 097101 149157 142146 161163 113117 096104 120132 2 41 1 3 1975
1 138138 195199 164168 217221 173173 117121 211227 087089 191195 099109 147147 148148 159161 097121 098100 128132 3 71 1 3 2632
